ons 4 600 1 1000 20

ons 2 400 2 6000 0
ons 2 400 2 6000 0
ons 2 400 2 6000 0
ons 2 400 2 6000 0
ons 2 400 2 6000 0
ons 2 400 2 6000 0
ons 2 400 2 6000 0
ons 2 400 2 6000 0
ons 2 400 2 6000 0
ons 2 400 2 6000 0
ons 2 400 2 6000 0
ons 2 400 2 6000 0
ons 2 400 2 6000 0
ons 2 400 2 6000 0
ons 2 400 2 6000 0
ons 2 400 2 6000 0
ons 2 400 2 6000 0
ons 2 400 2 6000 0
ons 2 400 2 6000 0
ons 2 400 2 6000 0
ons 2 400 2 6000 0
ons 2 400 2 6000 0
ons 2 400 2 6000 0
ons 2 400 2 6000 0
ons 2 400 2 6000 0
ons 2 400 2 6000 0
ons 2 400 2 6000 0
ons 2 400 2 6000 0
ons 2 400 2 6000 0
ons 2 400 2 6000 0
